1   !! number of vertical layers
0   ! vertical depth of climatology
  JDAY  MM  DD    TEMP    SALT    nontide JDAY=0 FOR JAN 01
    0    1    1   8.989    1.000    .293
    1    1    2   8.926    1.000    .290
    2    1    3   8.991    1.000    .284
    3    1    4   8.913    1.000    .278
    4    1    5   8.891    1.000    .268
    5    1    6   8.870    1.000    .268
    6    1    7   8.833    1.000    .263
    7    1    8   8.776    1.000    .258
    8    1    9   8.715    1.000    .255
    9    1   10   8.680    1.000    .250
   10    1   11   8.590    1.000    .243
   11    1   12   8.622    1.000    .239
   12    1   13   8.750    1.000    .235
   13    1   14   8.796    1.000    .229
   14    1   15   8.818    1.000    .224
   15    1   16   8.791    1.000    .221
   16    1   17   8.819    1.000    .219
   17    1   18   8.914    1.000    .215
   18    1   19   8.988    1.000    .210
   19    1   20   9.034    1.000    .205
   20    1   21   9.119    1.000    .201
   21    1   22   9.155    1.000    .198
   22    1   23   9.246    1.000    .196
   23    1   24   9.306    1.000    .194
   24    1   25   9.361    1.000    .192
   25    1   26   9.491    1.000    .189
   26    1   27   9.489    1.000    .187
   27    1   28   9.410    1.000    .186
   28    1   29   9.431    1.000    .186
   29    1   30   9.536    1.000    .187
   30    1   31   9.644    1.000    .188
   31    2    1   9.830    1.000    .190
   32    2    2   9.857    1.000    .192
   33    2    3   9.956    1.000    .192
   34    2    4  10.112    1.000    .191
   35    2    5  10.279    1.000    .190
   36    2    6  10.428    1.000    .187
   37    2    7  10.562    1.000    .184
   38    2    8  10.608    1.000    .180
   39    2    9  10.626    1.000    .177
   40    2   10  10.606    1.000    .175
   41    2   11  10.683    1.000    .181
   42    2   12  10.775    1.000    .214
   43    2   13  10.898    1.000    .218
   44    2   14  10.952    1.000    .219
   45    2   15  11.075    1.000    .217
   46    2   16  11.069    1.000    .213
   47    2   17  11.122    1.000    .214
   48    2   18  11.127    1.000    .216
   49    2   19  10.983    1.000    .212
   50    2   20  10.886    1.000    .212
   51    2   21  10.936    1.000    .212
   52    2   22  11.127    1.000    .216
   53    2   23  11.288    1.000    .208
   54    2   24  11.348    1.000    .206
   55    2   25  11.408    1.000    .187
   56    2   26  11.379    1.000    .131
   57    2   27  11.322    1.000    .130
   58    2   28  11.418    1.000    .161
   59    2   29  11.753    1.000    .134
   60    3    1  11.454    1.000    .212
   61    3    2  11.616    1.000    .217
   62    3    3  11.698    1.000    .225
   63    3    4  11.781    1.000    .234
   64    3    5  11.976    1.000    .239
   65    3    6  12.145    1.000    .247
   66    3    7  12.041    1.000    .253
   67    3    8  12.164    1.000    .262
   68    3    9  12.125    1.000    .272
   69    3   10  12.114    1.000    .282
   70    3   11  12.222    1.000    .291
   71    3   12  12.357    1.000    .301
   72    3   13  12.347    1.000    .312
   73    3   14  12.479    1.000    .307
   74    3   15  12.616    1.000    .303
   75    3   16  12.793    1.000    .305
   76    3   17  12.982    1.000    .309
   77    3   18  13.045    1.000    .311
   78    3   19  12.894    1.000    .314
   79    3   20  13.040    1.000    .318
   80    3   21  13.103    1.000    .321
   81    3   22  13.069    1.000    .323
   82    3   23  12.902    1.000    .323
   83    3   24  12.858    1.000    .325
   84    3   25  12.778    1.000    .331
   85    3   26  12.861    1.000    .336
   86    3   27  12.982    1.000    .342
   87    3   28  13.250    1.000    .347
   88    3   29  13.545    1.000    .352
   89    3   30  13.629    1.000    .357
   90    3   31  13.829    1.000    .360
   91    4    1  13.970    1.000    .361
   92    4    2  14.160    1.000    .363
   93    4    3  14.183    1.000    .362
   94    4    4  14.287    1.000    .363
   95    4    5  14.252    1.000    .363
   96    4    6  14.285    1.000    .363
   97    4    7  14.365    1.000    .362
   98    4    8  14.359    1.000    .360
   99    4    9  14.447    1.000    .357
  100    4   10  14.412    1.000    .354
  101    4   11  14.332    1.000    .350
  102    4   12  14.322    1.000    .348
  103    4   13  14.370    1.000    .345
  104    4   14  14.312    1.000    .344
  105    4   15  14.427    1.000    .340
  106    4   16  14.783    1.000    .334
  107    4   17  15.041    1.000    .330
  108    4   18  15.382    1.000    .327
  109    4   19  15.715    1.000    .325
  110    4   20  16.141    1.000    .322
  111    4   21  16.324    1.000    .319
  112    4   22  16.601    1.000    .319
  113    4   23  16.640    1.000    .320
  114    4   24  16.625    1.000    .323
  115    4   25  16.662    1.000    .319
  116    4   26  16.691    1.000    .316
  117    4   27  16.594    1.000    .313
  118    4   28  16.390    1.000    .308
  119    4   29  16.323    1.000    .307
  120    4   30  16.471    1.000    .307
  121    5    1  16.553    1.000    .309
  122    5    2  16.567    1.000    .310
  123    5    3  16.695    1.000    .312
  124    5    4  16.835    1.000    .311
  125    5    5  17.028    1.000    .309
  126    5    6  17.422    1.000    .305
  127    5    7  17.571    1.000    .302
  128    5    8  17.564    1.000    .302
  129    5    9  17.662    1.000    .298
  130    5   10  17.716    1.000    .296
  131    5   11  17.661    1.000    .296
  132    5   12  17.780    1.000    .294
  133    5   13  17.797    1.000    .292
  134    5   14  17.740    1.000    .291
  135    5   15  17.661    1.000    .291
  136    5   16  17.772    1.000    .292
  137    5   17  17.774    1.000    .293
  138    5   18  17.717    1.000    .294
  139    5   19  17.737    1.000    .296
  140    5   20  17.956    1.000    .298
  141    5   21  17.931    1.000    .299
  142    5   22  17.724    1.000    .300
  143    5   23  17.590    1.000    .299
  144    5   24  17.417    1.000    .298
  145    5   25  17.195    1.000    .297
  146    5   26  17.240    1.000    .297
  147    5   27  17.379    1.000    .298
  148    5   28  17.516    1.000    .299
  149    5   29  17.637    1.000    .301
  150    5   30  17.790    1.000    .303
  151    5   31  17.920    1.000    .306
  152    6    1  18.024    1.000    .308
  153    6    2  18.132    1.000    .309
  154    6    3  18.328    1.000    .312
  155    6    4  18.379    1.000    .315
  156    6    5  18.442    1.000    .317
  157    6    6  18.490    1.000    .318
  158    6    7  18.565    1.000    .326
  159    6    8  18.616    1.000    .324
  160    6    9  18.606    1.000    .326
  161    6   10  18.754    1.000    .330
  162    6   11  18.911    1.000    .332
  163    6   12  19.164    1.000    .334
  164    6   13  19.339    1.000    .338
  165    6   14  19.603    1.000    .342
  166    6   15  19.760    1.000    .347
  167    6   16  19.999    1.000    .351
  168    6   17  20.202    1.000    .352
  169    6   18  20.108    1.000    .353
  170    6   19  20.168    1.000    .356
  171    6   20  20.267    1.000    .361
  172    6   21  20.359    1.000    .365
  173    6   22  20.357    1.000    .368
  174    6   23  20.303    1.000    .373
  175    6   24  20.205    1.000    .376
  176    6   25  20.098    1.000    .380
  177    6   26  20.111    1.000    .384
  178    6   27  20.355    1.000    .388
  179    6   28  20.653    1.000    .392
  180    6   29  20.617    1.000    .394
  181    6   30  20.728    1.000    .393
  182    7    1  20.787    1.000    .392
  183    7    2  20.809    1.000    .392
  184    7    3  20.990    1.000    .389
  185    7    4  21.197    1.000    .385
  186    7    5  21.001    1.000    .384
  187    7    6  20.758    1.000    .384
  188    7    7  20.657    1.000    .383
  189    7    8  20.611    1.000    .383
  190    7    9  20.606    1.000    .385
  191    7   10  20.492    1.000    .387
  192    7   11  20.596    1.000    .389
  193    7   12  20.600    1.000    .392
  194    7   13  20.567    1.000    .394
  195    7   14  20.595    1.000    .395
  196    7   15  20.672    1.000    .395
  197    7   16  20.613    1.000    .395
  198    7   17  20.517    1.000    .396
  199    7   18  20.640    1.000    .396
  200    7   19  20.771    1.000    .395
  201    7   20  20.951    1.000    .393
  202    7   21  20.965    1.000    .391
  203    7   22  20.946    1.000    .390
  204    7   23  20.782    1.000    .389
  205    7   24  20.596    1.000    .388
  206    7   25  20.416    1.000    .386
  207    7   26  20.297    1.000    .384
  208    7   27  20.232    1.000    .384
  209    7   28  20.206    1.000    .382
  210    7   29  20.121    1.000    .381
  211    7   30  20.094    1.000    .380
  212    7   31  20.120    1.000    .380
  213    8    1  20.100    1.000    .379
  214    8    2  20.075    1.000    .378
  215    8    3  20.079    1.000    .378
  216    8    4  19.986    1.000    .378
  217    8    5  19.964    1.000    .378
  218    8    6  19.977    1.000    .378
  219    8    7  19.974    1.000    .376
  220    8    8  20.140    1.000    .372
  221    8    9  20.297    1.000    .369
  222    8   10  20.487    1.000    .367
  223    8   11  20.473    1.000    .365
  224    8   12  20.462    1.000    .364
  225    8   13  20.556    1.000    .361
  226    8   14  20.538    1.000    .360
  227    8   15  20.373    1.000    .358
  228    8   16  20.450    1.000    .356
  229    8   17  20.443    1.000    .355
  230    8   18  20.326    1.000    .353
  231    8   19  20.296    1.000    .351
  232    8   20  20.170    1.000    .350
  233    8   21  20.004    1.000    .350
  234    8   22  20.031    1.000    .349
  235    8   23  20.116    1.000    .348
  236    8   24  20.249    1.000    .347
  237    8   25  20.308    1.000    .347
  238    8   26  20.301    1.000    .344
  239    8   27  20.218    1.000    .341
  240    8   28  20.282    1.000    .339
  241    8   29  20.326    1.000    .337
  242    8   30  20.458    1.000    .334
  243    8   31  20.314    1.000    .333
  244    9    1  20.235    1.000    .333
  245    9    2  20.531    1.000    .332
  246    9    3  20.681    1.000    .332
  247    9    4  20.625    1.000    .330
  248    9    5  20.356    1.000    .328
  249    9    6  20.244    1.000    .326
  250    9    7  20.240    1.000    .326
  251    9    8  20.140    1.000    .325
  252    9    9  19.913    1.000    .324
  253    9   10  20.045    1.000    .321
  254    9   11  20.210    1.000    .318
  255    9   12  20.181    1.000    .317
  256    9   13  19.972    1.000    .315
  257    9   14  19.883    1.000    .315
  258    9   15  19.783    1.000    .315
  259    9   16  19.738    1.000    .317
  260    9   17  19.794    1.000    .318
  261    9   18  19.856    1.000    .317
  262    9   19  19.910    1.000    .317
  263    9   20  19.892    1.000    .317
  264    9   21  20.062    1.000    .316
  265    9   22  19.987    1.000    .314
  266    9   23  20.077    1.000    .311
  267    9   24  20.050    1.000    .307
  268    9   25  19.950    1.000    .304
  269    9   26  19.975    1.000    .302
  270    9   27  20.066    1.000    .300
  271    9   28  20.201    1.000    .296
  272    9   29  20.069    1.000    .291
  273    9   30  19.871    1.000    .287
  274   10    1  19.768    1.000    .286
  275   10    2  19.808    1.000    .285
  276   10    3  19.732    1.000    .282
  277   10    4  19.233    1.000    .282
  278   10    5  18.917    1.000    .282
  279   10    6  18.693    1.000    .281
  280   10    7  18.566    1.000    .278
  281   10    8  18.469    1.000    .275
  282   10    9  18.392    1.000    .272
  283   10   10  18.360    1.000    .272
  284   10   11  18.224    1.000    .270
  285   10   12  18.037    1.000    .267
  286   10   13  18.044    1.000    .265
  287   10   14  18.196    1.000    .262
  288   10   15  18.389    1.000    .259
  289   10   16  18.484    1.000    .254
  290   10   17  18.428    1.000    .251
  291   10   18  18.476    1.000    .247
  292   10   19  18.366    1.000    .241
  293   10   20  18.217    1.000    .236
  294   10   21  18.025    1.000    .231
  295   10   22  17.872    1.000    .229
  296   10   23  17.777    1.000    .229
  297   10   24  17.756    1.000    .230
  298   10   25  17.561    1.000    .230
  299   10   26  17.470    1.000    .228
  300   10   27  17.292    1.000    .226
  301   10   28  16.886    1.000    .224
  302   10   29  16.818    1.000    .223
  303   10   30  16.820    1.000    .221
  304   10   31  16.813    1.000    .218
  305   11    1  16.859    1.000    .214
  306   11    2  16.637    1.000    .212
  307   11    3  16.636    1.000    .212
  308   11    4  16.595    1.000    .211
  309   11    5  16.529    1.000    .210
  310   11    6  16.389    1.000    .211
  311   11    7  16.295    1.000    .213
  312   11    8  15.964    1.000    .213
  313   11    9  15.588    1.000    .212
  314   11   10  15.291    1.000    .212
  315   11   11  15.134    1.000    .212
  316   11   12  14.928    1.000    .212
  317   11   13  14.834    1.000    .212
  318   11   14  14.749    1.000    .212
  319   11   15  14.697    1.000    .210
  320   11   16  14.636    1.000    .209
  321   11   17  14.569    1.000    .208
  322   11   18  14.477    1.000    .211
  323   11   19  14.274    1.000    .211
  324   11   20  14.133    1.000    .213
  325   11   21  13.887    1.000    .214
  326   11   22  13.686    1.000    .214
  327   11   23  13.553    1.000    .213
  328   11   24  13.326    1.000    .214
  329   11   25  13.185    1.000    .215
  330   11   26  13.020    1.000    .217
  331   11   27  12.934    1.000    .220
  332   11   28  12.751    1.000    .225
  333   11   29  12.540    1.000    .229
  334   11   30  12.454    1.000    .232
  335   12    1  12.287    1.000    .234
  336   12    2  12.217    1.000    .235
  337   12    3  11.985    1.000    .236
  338   12    4  11.823    1.000    .238
  339   12    5  11.788    1.000    .241
  340   12    6  11.686    1.000    .244
  341   12    7  11.546    1.000    .251
  342   12    8  11.408    1.000    .258
  343   12    9  11.199    1.000    .263
  344   12   10  11.084    1.000    .267
  345   12   11  11.029    1.000    .273
  346   12   12  10.949    1.000    .280
  347   12   13  10.892    1.000    .283
  348   12   14  10.841    1.000    .285
  349   12   15  10.750    1.000    .290
  350   12   16  10.593    1.000    .293
  351   12   17  10.556    1.000    .296
  352   12   18  10.482    1.000    .296
  353   12   19  10.398    1.000    .299
  354   12   20  10.265    1.000    .302
  355   12   21  10.241    1.000    .303
  356   12   22  10.112    1.000    .304
  357   12   23   9.867    1.000    .306
  358   12   24   9.703    1.000    .307
  359   12   25   9.472    1.000    .307
  360   12   26   9.367    1.000    .306
  361   12   27   9.389    1.000    .306
  362   12   28   9.368    1.000    .303
  363   12   29   9.320    1.000    .301
  364   12   30   9.233    1.000    .297
  365   12   31   9.189    1.000    .295
  366    1    1   8.989    1.000    .293
  367    1    2   8.926    1.000    .290
  368    1    3   8.991    1.000    .284
  369    1    4   8.913    1.000    .278
  370    1    5   8.891    1.000    .268
  371    1    6   8.870    1.000    .268
  372    1    7   8.833    1.000    .263
  373    1    8   8.776    1.000    .258
  374    1    9   8.715    1.000    .255
  375    1   10   8.680    1.000    .250
