 3
 0 10 20
        JDAY  MM  DD      TEMP    SALT JDAY=0 FOR JAN 01
      0.0000  01  01     20.37     34.80     19.60     34.90     19.50     35.00
      1.0000  01  02     20.31     34.80     19.60     34.90     19.50     35.00
      2.0000  01  03     19.53     34.80     19.70     34.90     19.60     35.00
      3.0000  01  04     19.24     34.80     19.70     34.90     19.60     35.00
      4.0000  01  05     19.15     34.80     19.70     34.90     19.60     35.00
      5.0000  01  06     19.23     34.80     19.80     34.90     19.70     35.00
      6.0000  01  07     19.32     34.80     19.80     34.90     19.70     35.00
      7.0000  01  08     19.38     34.80     19.80     34.90     19.70     35.00
      8.0000  01  09     19.42     34.80     19.90     34.90     19.80     35.00
      9.0000  01  10     19.48     34.80     19.90     34.90     19.80     35.00
     10.0000  01  11     19.57     34.80     19.90     34.90     19.80     35.00
     11.0000  01  12     19.73     34.80     20.00     34.90     19.90     35.00
     12.0000  01  13     20.02     34.80     20.00     34.90     19.90     35.00
     13.0000  01  14     20.14     34.80     20.00     34.90     19.90     35.00
     14.0000  01  15     19.62     34.80     20.10     34.90     20.00     35.00
     15.0000  01  16     19.27     34.80     20.10     34.90     20.00     35.00
     16.0000  01  17     19.13     34.80     20.10     34.90     20.00     35.00
     17.0000  01  18     18.98     34.80     20.00     34.90     19.90     35.00
     18.0000  01  19     18.63     34.80     20.00     34.90     19.90     35.00
     19.0000  01  20     18.36     34.80     19.90     34.90     19.80     35.00
     20.0000  01  21     18.44     34.80     19.90     34.90     19.80     35.00
     21.0000  01  22     18.67     34.80     19.80     34.90     19.70     35.00
     22.0000  01  23     19.10     34.80     19.80     34.90     19.70     35.00
     23.0000  01  24     20.15     34.80     19.70     34.90     19.60     35.00
     24.0000  01  25     25.85     34.80     19.70     34.90     19.60     35.00
     25.0000  01  26     27.77     34.80     19.60     34.90     19.50     35.00
     26.0000  01  27     28.61     34.80     19.60     34.90     19.50     35.00
     27.0000  01  28     28.80     34.80     19.50     34.90     19.40     35.00
     28.0000  01  29     28.93     34.80     19.50     34.90     19.40     35.00
     29.0000  01  30     29.33     34.80     19.40     34.90     19.30     35.00
     30.0000  01  31     29.23     34.80     19.40     34.90     19.30     35.00
     31.0000  02  01     29.75     34.70     19.30     34.80     19.20     34.90
     32.0000  02  02     30.06     34.70     19.30     34.80     19.20     34.90
     33.0000  02  03     30.44     34.70     19.20     34.80     19.10     34.90
     34.0000  02  04     30.52     34.70     19.20     34.80     19.10     34.90
     35.0000  02  05     30.26     34.70     19.10     34.80     19.00     34.90
     36.0000  02  06     30.28     34.70     19.10     34.80     19.00     34.90
     37.0000  02  07     30.53     34.70     19.00     34.80     18.90     34.90
     38.0000  02  08     30.38     34.70     19.00     34.80     18.90     34.90
     39.0000  02  09     30.83     34.70     18.90     34.80     18.80     34.90
     40.0000  02  10     30.84     34.70     18.90     34.80     18.80     34.90
     41.0000  02  11     30.78     34.70     18.80     34.80     18.70     34.90
     42.0000  02  12     30.68     34.70     18.80     34.80     18.70     34.90
     43.0000  02  13     30.53     34.70     18.70     34.80     18.60     34.90
     44.0000  02  14     30.81     34.70     18.70     34.80     18.60     34.90
     45.0000  02  15     31.52     34.70     18.60     34.80     18.50     34.90
     46.0000  02  16     31.69     34.70     18.60     34.80     18.50     34.90
     47.0000  02  17     32.08     34.70     18.70     34.80     18.60     34.90
     48.0000  02  18     32.93     34.70     18.70     34.80     18.60     34.90
     49.0000  02  19     32.46     34.60     18.80     34.70     18.70     34.80
     50.0000  02  20     32.56     34.60     18.80     34.70     18.70     34.80
     51.0000  02  21     32.94     34.60     18.90     34.70     18.80     34.80
     52.0000  02  22     33.55     34.60     18.90     34.70     18.80     34.80
     53.0000  02  23     33.66     34.60     19.00     34.70     18.90     34.80
     54.0000  02  24     29.02     34.60     19.00     34.70     18.90     34.80
     55.0000  02  25     19.81     34.50     19.10     34.60     19.00     34.70
     56.0000  02  26     20.31     34.50     19.10     34.60     19.00     34.70
     57.0000  02  27     20.16     34.50     19.20     34.60     19.10     34.70
     58.0000  02  28     19.98     34.50     19.20     34.60     19.10     34.70
     59.0000  02  29     20.80     34.50     19.20     34.60     19.10     34.70
     60.0000  03  01     19.99     34.50     19.30     34.60     19.20     34.70
     61.0000  03  02     20.24     34.50     19.40     34.60     19.30     34.70
     62.0000  03  03     20.31     34.40     19.40     34.50     19.30     34.60
     63.0000  03  04     20.02     34.40     19.50     34.50     19.40     34.60
     64.0000  03  05     19.65     34.40     19.50     34.50     19.40     34.60
     65.0000  03  06     19.64     34.40     19.60     34.50     19.50     34.60
     66.0000  03  07     19.81     34.40     19.60     34.50     19.50     34.60
     67.0000  03  08     19.96     34.30     19.70     34.40     19.60     34.50
     68.0000  03  09     19.51     34.30     19.70     34.40     19.60     34.50
     69.0000  03  10     19.47     34.30     19.80     34.40     19.70     34.50
     70.0000  03  11     19.75     34.30     19.80     34.40     19.70     34.50
     71.0000  03  12     20.17     34.30     19.90     34.40     19.80     34.50
     72.0000  03  13     20.45     34.30     19.90     34.40     19.80     34.50
     73.0000  03  14     20.81     34.20     20.00     34.30     19.90     34.40
     74.0000  03  15     21.00     34.20     20.00     34.30     19.90     34.40
     75.0000  03  16     21.17     34.20     20.10     34.30     20.00     34.40
     76.0000  03  17     21.37     34.20     20.30     34.30     20.20     34.40
     77.0000  03  18     21.45     34.20     20.40     34.30     20.30     34.40
     78.0000  03  19     21.32     34.20     20.60     34.30     20.50     34.40
     79.0000  03  20     21.43     34.20     20.70     34.30     20.60     34.40
     80.0000  03  21     21.58     34.20     20.90     34.30     20.80     34.40
     81.0000  03  22     21.77     34.20     21.10     34.30     21.00     34.40
     82.0000  03  23     21.89     34.20     21.20     34.30     21.10     34.40
     83.0000  03  24     21.86     34.30     21.40     34.40     21.30     34.50
     84.0000  03  25     21.86     34.30     21.60     34.40     21.50     34.50
     85.0000  03  26     21.57     34.30     21.70     34.40     21.60     34.50
     86.0000  03  27     21.60     34.30     21.90     34.40     21.80     34.50
     87.0000  03  28     21.83     34.30     22.00     34.40     21.90     34.50
     88.0000  03  29     21.74     34.30     22.20     34.40     22.10     34.50
     89.0000  03  30     22.11     34.30     22.40     34.40     22.30     34.50
     90.0000  03  31     22.65     34.30     22.50     34.40     22.40     34.50
     91.0000  04  01     22.91     34.30     22.70     34.40     22.60     34.50
     92.0000  04  02     23.02     34.30     22.80     34.40     22.70     34.50
     93.0000  04  03     23.10     34.30     23.00     34.40     22.90     34.50
     94.0000  04  04     23.17     34.30     23.20     34.40     23.10     34.50
     95.0000  04  05     23.28     34.30     23.30     34.40     23.20     34.50
     96.0000  04  06     23.31     34.30     23.50     34.40     23.40     34.50
     97.0000  04  07     23.08     34.30     23.60     34.40     23.50     34.50
     98.0000  04  08     23.16     34.30     23.80     34.40     23.70     34.50
     99.0000  04  09     23.17     34.40     24.00     34.50     23.90     34.60
    100.0000  04  10     23.01     34.40     24.10     34.50     24.00     34.60
    101.0000  04  11     23.10     34.40     24.30     34.50     24.20     34.60
    102.0000  04  12     23.23     34.40     24.50     34.50     24.40     34.60
    103.0000  04  13     23.36     34.40     24.60     34.50     24.50     34.60
    104.0000  04  14     23.27     34.40     24.80     34.50     24.70     34.60
    105.0000  04  15     22.91     34.40     24.90     34.50     24.80     34.60
    106.0000  04  16     22.50     34.40     25.10     34.50     25.00     34.60
    107.0000  04  17     22.24     34.40     25.20     34.50     25.10     34.60
    108.0000  04  18     22.32     34.50     25.40     34.60     25.30     34.70
    109.0000  04  19     22.76     34.50     25.50     34.60     25.40     34.70
    110.0000  04  20     23.08     34.50     25.60     34.60     25.50     34.70
    111.0000  04  21     23.31     34.50     25.80     34.60     25.70     34.70
    112.0000  04  22     23.58     34.60     25.90     34.70     25.80     34.80
    113.0000  04  23     23.45     34.60     26.00     34.70     25.90     34.80
    114.0000  04  24     23.69     34.60     26.20     34.70     26.10     34.80
    115.0000  04  25     23.93     34.60     26.30     34.70     26.20     34.80
    116.0000  04  26     23.98     34.70     26.40     34.80     26.30     34.90
    117.0000  04  27     24.08     34.70     26.60     34.80     26.50     34.90
    118.0000  04  28     24.20     34.70     26.70     34.80     26.60     34.90
    119.0000  04  29     24.39     34.70     26.80     34.80     26.70     34.90
    120.0000  04  30     24.52     34.80     27.00     34.90     26.90     35.00
    121.0000  05  01     24.62     34.80     27.10     34.90     27.00     35.00
    122.0000  05  02     24.81     34.80     27.20     34.90     27.10     35.00
    123.0000  05  03     25.99     34.90     27.40     35.00     27.30     35.10
    124.0000  05  04     26.48     34.90     27.50     35.00     27.40     35.10
    125.0000  05  05     27.42     34.90     27.60     35.00     27.50     35.10
    126.0000  05  06     27.62     34.90     27.80     35.00     27.70     35.10
    127.0000  05  07     27.54     35.00     27.90     35.10     27.80     35.20
    128.0000  05  08     27.41     35.00     28.00     35.10     27.90     35.20
    129.0000  05  09     27.42     35.00     28.20     35.10     28.10     35.20
    130.0000  05  10     27.16     35.00     28.30     35.10     28.20     35.20
    131.0000  05  11     27.09     35.10     28.40     35.20     28.30     35.30
    132.0000  05  12     26.90     35.10     28.60     35.20     28.50     35.30
    133.0000  05  13     26.62     35.10     28.70     35.20     28.60     35.30
    134.0000  05  14     26.73     35.10     28.80     35.20     28.70     35.30
    135.0000  05  15     26.66     35.20     29.00     35.30     28.90     35.40
    136.0000  05  16     26.62     35.20     29.10     35.30     29.00     35.40
    137.0000  05  17     26.63     35.20     29.10     35.30     29.00     35.40
    138.0000  05  18     26.62     35.20     29.10     35.30     29.00     35.40
    139.0000  05  19     26.81     35.30     29.10     35.40     29.00     35.50
    140.0000  05  20     27.01     35.30     29.20     35.40     29.10     35.50
    141.0000  05  21     27.25     35.30     29.20     35.40     29.10     35.50
    142.0000  05  22     27.41     35.30     29.20     35.40     29.10     35.50
    143.0000  05  23     27.48     35.30     29.20     35.40     29.10     35.50
    144.0000  05  24     27.14     35.40     29.20     35.50     29.10     35.60
    145.0000  05  25     26.00     35.40     29.20     35.50     29.10     35.60
    146.0000  05  26     26.80     35.40     29.30     35.50     29.20     35.60
    147.0000  05  27     27.81     35.40     29.30     35.50     29.20     35.60
    148.0000  05  28     28.03     35.40     29.30     35.50     29.20     35.60
    149.0000  05  29     28.36     35.50     29.30     35.60     29.20     35.70
    150.0000  05  30     28.68     35.50     29.30     35.60     29.20     35.70
    151.0000  05  31     28.55     35.50     29.30     35.60     29.20     35.70
    152.0000  06  01     28.59     35.50     29.40     35.60     29.30     35.70
    153.0000  06  02     28.35     35.50     29.40     35.60     29.30     35.70
    154.0000  06  03     28.39     35.50     29.40     35.60     29.30     35.70
    155.0000  06  04     28.56     35.60     29.40     35.70     29.30     35.80
    156.0000  06  05     28.51     35.60     29.40     35.70     29.30     35.80
    157.0000  06  06     28.76     35.60     29.40     35.70     29.30     35.80
    158.0000  06  07     29.33     35.60     29.50     35.70     29.40     35.80
    159.0000  06  08     29.09     35.60     29.50     35.70     29.40     35.80
    160.0000  06  09     29.74     35.70     29.50     35.80     29.40     35.90
    161.0000  06  10     29.77     35.70     29.50     35.80     29.40     35.90
    162.0000  06  11     29.48     35.70     29.50     35.80     29.40     35.90
    163.0000  06  12     29.66     35.70     29.50     35.80     29.40     35.90
    164.0000  06  13     29.39     35.70     29.60     35.80     29.50     35.90
    165.0000  06  14     29.70     35.80     29.60     35.90     29.50     36.00
    166.0000  06  15     29.76     35.80     29.60     35.90     29.50     36.00
    167.0000  06  16     29.85     35.80     29.60     35.90     29.50     36.00
    168.0000  06  17     30.03     35.80     29.60     35.90     29.50     36.00
    169.0000  06  18     30.19     35.80     29.70     35.90     29.60     36.00
    170.0000  06  19     30.38     35.80     29.70     35.90     29.60     36.00
    171.0000  06  20     30.36     35.80     29.70     35.90     29.60     36.00
    172.0000  06  21     30.35     35.80     29.80     35.90     29.70     36.00
    173.0000  06  22     30.20     35.80     29.80     35.90     29.70     36.00
    174.0000  06  23     30.12     35.80     29.80     35.90     29.70     36.00
    175.0000  06  24     30.14     35.80     29.90     35.90     29.80     36.00
    176.0000  06  25     30.32     35.80     29.90     35.90     29.80     36.00
    177.0000  06  26     30.40     35.80     29.90     35.90     29.80     36.00
    178.0000  06  27     30.30     35.80     30.00     35.90     29.90     36.00
    179.0000  06  28     30.38     35.80     30.00     35.90     29.90     36.00
    180.0000  06  29     30.38     35.80     30.00     35.90     29.90     36.00
    181.0000  06  30     30.44     35.80     30.10     35.90     30.00     36.00
    182.0000  07  01     30.55     35.80     30.10     35.80     30.00     36.00
    183.0000  07  02     30.47     35.70     30.10     35.80     30.00     35.90
    184.0000  07  03     30.52     35.70     30.20     35.80     30.10     35.90
    185.0000  07  04     30.65     35.70     30.20     35.80     30.10     35.90
    186.0000  07  05     30.66     35.70     30.20     35.80     30.10     35.90
    187.0000  07  06     30.81     35.70     30.30     35.80     30.20     35.90
    188.0000  07  07     30.81     35.70     30.30     35.80     30.20     35.90
    189.0000  07  08     30.83     35.70     30.30     35.80     30.20     35.90
    190.0000  07  09     30.76     35.70     30.40     35.80     30.30     35.90
    191.0000  07  10     30.48     35.70     30.40     35.80     30.30     35.90
    192.0000  07  11     30.56     35.70     30.40     35.80     30.30     35.90
    193.0000  07  12     30.61     35.70     30.50     35.80     30.40     35.90
    194.0000  07  13     30.68     35.70     30.50     35.80     30.40     35.90
    195.0000  07  14     30.82     35.70     30.50     35.80     30.40     35.90
    196.0000  07  15     30.70     35.70     30.60     35.80     30.50     35.90
    197.0000  07  16     30.79     35.70     30.60     35.80     30.50     35.90
    198.0000  07  17     30.89     35.70     30.60     35.80     30.50     35.90
    199.0000  07  18     30.84     35.60     30.60     35.70     30.50     35.80
    200.0000  07  19     30.88     35.60     30.60     35.70     30.50     35.80
    201.0000  07  20     30.96     35.60     30.60     35.70     30.50     35.80
    202.0000  07  21     30.98     35.60     30.60     35.70     30.50     35.80
    203.0000  07  22     31.14     35.50     30.60     35.60     30.50     35.70
    204.0000  07  23     31.08     35.50     30.60     35.60     30.50     35.70
    205.0000  07  24     30.45     35.50     30.50     35.60     30.40     35.70
    206.0000  07  25     30.53     35.40     30.50     35.50     30.40     35.60
    207.0000  07  26     30.92     35.40     30.50     35.50     30.40     35.60
    208.0000  07  27     31.08     35.40     30.50     35.50     30.40     35.60
    209.0000  07  28     31.03     35.40     30.50     35.50     30.40     35.60
    210.0000  07  29     31.13     35.30     30.50     35.40     30.40     35.50
    211.0000  07  30     31.09     35.30     30.50     35.40     30.40     35.50
    212.0000  07  31     30.99     35.30     30.50     35.40     30.40     35.50
    213.0000  08  01     30.94     35.20     30.50     35.30     30.40     35.40
    214.0000  08  02     30.76     35.20     30.50     35.30     30.40     35.40
    215.0000  08  03     30.48     35.20     30.50     35.30     30.40     35.40
    216.0000  08  04     30.38     35.10     30.50     35.20     30.40     35.30
    217.0000  08  05     30.51     35.10     30.50     35.20     30.40     35.30
    218.0000  08  06     30.69     35.10     30.50     35.20     30.40     35.30
    219.0000  08  07     30.76     35.10     30.50     35.20     30.40     35.30
    220.0000  08  08     30.97     35.00     30.50     35.10     30.40     35.20
    221.0000  08  09     31.07     35.00     30.40     35.10     30.30     35.20
    222.0000  08  10     31.42     35.00     30.40     35.10     30.30     35.20
    223.0000  08  11     31.53     34.90     30.40     35.00     30.30     35.10
    224.0000  08  12     31.56     34.90     30.40     35.00     30.30     35.10
    225.0000  08  13     31.58     34.90     30.40     35.00     30.30     35.10
    226.0000  08  14     31.57     34.90     30.40     35.00     30.30     35.10
    227.0000  08  15     31.38     34.80     30.40     34.90     30.30     35.00
    228.0000  08  16     31.36     34.80     30.40     34.90     30.30     35.00
    229.0000  08  17     31.56     34.80     30.40     34.90     30.30     35.00
    230.0000  08  18     31.59     34.80     30.40     34.90     30.30     35.00
    231.0000  08  19     31.51     34.80     30.40     34.90     30.30     35.00
    232.0000  08  20     31.36     34.70     30.40     34.80     30.30     34.90
    233.0000  08  21     31.26     34.70     30.40     34.80     30.30     34.90
    234.0000  08  22     31.20     34.70     30.30     34.80     30.20     34.90
    235.0000  08  23     31.23     34.70     30.30     34.80     30.20     34.90
    236.0000  08  24     31.34     34.70     30.30     34.80     30.20     34.90
    237.0000  08  25     31.38     34.70     30.30     34.80     30.20     34.90
    238.0000  08  26     31.32     34.60     30.30     34.70     30.20     34.80
    239.0000  08  27     31.10     34.60     30.30     34.70     30.20     34.80
    240.0000  08  28     30.99     34.60     30.30     34.70     30.20     34.80
    241.0000  08  29     31.19     34.60     30.30     34.70     30.20     34.80
    242.0000  08  30     31.32     34.60     30.30     34.70     30.20     34.80
    243.0000  08  31     31.05     34.60     30.30     34.70     30.20     34.80
    244.0000  09  01     30.85     34.50     30.20     34.60     30.10     34.70
    245.0000  09  02     31.01     34.50     30.20     34.60     30.10     34.70
    246.0000  09  03     31.10     34.50     30.20     34.60     30.10     34.70
    247.0000  09  04     30.97     34.50     30.20     34.60     30.10     34.70
    248.0000  09  05     30.72     34.50     30.20     34.60     30.10     34.70
    249.0000  09  06     30.23     34.50     30.20     34.60     30.10     34.70
    250.0000  09  07     30.08     34.40     30.20     34.50     30.10     34.60
    251.0000  09  08     30.14     34.40     30.20     34.50     30.10     34.60
    252.0000  09  09     29.98     34.40     30.20     34.50     30.10     34.60
    253.0000  09  10     29.92     34.40     30.20     34.50     30.10     34.60
    254.0000  09  11     30.02     34.40     30.10     34.50     30.00     34.60
    255.0000  09  12     30.11     34.40     30.10     34.50     30.00     34.60
    256.0000  09  13     29.96     34.30     30.10     34.40     30.00     34.50
    257.0000  09  14     29.69     34.30     30.10     34.40     30.00     34.50
    258.0000  09  15     29.40     34.30     30.10     34.40     30.00     34.50
    259.0000  09  16     29.45     34.30     30.10     34.40     30.00     34.50
    260.0000  09  17     29.61     34.30     30.10     34.40     30.00     34.50
    261.0000  09  18     29.87     34.30     30.10     34.40     30.00     34.50
    262.0000  09  19     29.74     34.30     30.10     34.40     30.00     34.50
    263.0000  09  20     29.53     34.20     30.10     34.30     30.00     34.40
    264.0000  09  21     29.21     34.20     30.10     34.30     30.00     34.40
    265.0000  09  22     29.14     34.20     30.00     34.30     29.90     34.40
    266.0000  09  23     29.03     34.20     30.00     34.30     29.90     34.40
    267.0000  09  24     29.27     34.20     30.00     34.30     29.90     34.40
    268.0000  09  25     29.24     34.20     30.00     34.30     29.90     34.40
    269.0000  09  26     28.95     34.10     30.00     34.20     29.90     34.30
    270.0000  09  27     28.71     34.10     30.00     34.20     29.90     34.30
    271.0000  09  28     28.57     34.10     30.00     34.20     29.90     34.30
    272.0000  09  29     28.59     34.10     30.00     34.20     29.90     34.30
    273.0000  09  30     28.65     34.10     30.00     34.20     29.90     34.30
    274.0000  10  01     28.51     34.10     30.00     34.20     29.90     34.30
    275.0000  10  02     28.32     34.00     29.90     34.10     29.80     34.20
    276.0000  10  03     28.21     34.00     29.90     34.10     29.80     34.20
    277.0000  10  04     28.31     34.00     29.90     34.10     29.80     34.20
    278.0000  10  05     28.28     34.00     29.90     34.10     29.80     34.20
    279.0000  10  06     28.18     34.00     29.90     34.10     29.80     34.20
    280.0000  10  07     28.31     34.00     29.90     34.10     29.80     34.20
    281.0000  10  08     28.30     33.90     29.90     34.00     29.80     34.10
    282.0000  10  09     28.17     33.90     29.90     34.00     29.80     34.10
    283.0000  10  10     28.08     33.90     29.90     34.00     29.80     34.10
    284.0000  10  11     28.09     33.90     29.90     34.00     29.80     34.10
    285.0000  10  12     28.01     33.90     29.80     34.00     29.70     34.10
    286.0000  10  13     27.98     33.90     29.80     34.00     29.70     34.10
    287.0000  10  14     27.91     33.80     29.80     33.90     29.70     34.00
    288.0000  10  15     27.55     35.10     27.20     35.20     27.10     35.30
    289.0000  10  16     27.21     35.10     27.10     35.20     27.00     35.30
    290.0000  10  17     26.86     35.10     26.90     35.20     26.80     35.30
    291.0000  10  18     26.90     35.10     26.80     35.20     26.70     35.30
    292.0000  10  19     27.62     35.10     26.60     35.20     26.50     35.30
    293.0000  10  20     29.59     35.00     26.50     35.10     26.40     35.20
    294.0000  10  21     29.42     35.00     26.30     35.10     26.20     35.20
    295.0000  10  22     29.70     35.00     26.10     35.10     26.00     35.20
    296.0000  10  23     27.49     35.00     26.00     35.10     25.90     35.20
    297.0000  10  24     26.82     35.00     25.80     35.10     25.70     35.20
    298.0000  10  25     26.01     35.00     25.60     35.10     25.50     35.20
    299.0000  10  26     25.52     34.90     25.50     35.00     25.40     35.10
    300.0000  10  27     25.21     34.90     25.30     35.00     25.20     35.10
    301.0000  10  28     24.93     34.90     25.20     35.00     25.10     35.10
    302.0000  10  29     24.34     34.90     25.00     35.00     24.90     35.10
    303.0000  10  30     23.96     34.90     24.80     35.00     24.70     35.10
    304.0000  10  31     23.86     34.90     24.70     35.00     24.60     35.10
    305.0000  11  01     24.06     34.80     24.50     34.90     24.40     35.00
    306.0000  11  02     24.18     34.80     24.40     34.90     24.30     35.00
    307.0000  11  03     24.22     34.80     24.20     34.90     24.10     35.00
    308.0000  11  04     24.26     34.80     24.00     34.90     23.90     35.00
    309.0000  11  05     24.02     34.80     23.90     34.90     23.80     35.00
    310.0000  11  06     23.81     34.80     23.70     34.90     23.60     35.00
    311.0000  11  07     23.69     34.70     23.60     34.80     23.50     34.90
    312.0000  11  08     23.60     34.70     23.40     34.80     23.30     34.90
    313.0000  11  09     23.50     34.70     23.20     34.80     23.10     34.90
    314.0000  11  10     23.27     34.70     23.10     34.80     23.00     34.90
    315.0000  11  11     23.18     34.70     22.90     34.80     22.80     34.90
    316.0000  11  12     23.11     34.70     22.70     34.80     22.60     34.90
    317.0000  11  13     23.30     34.60     22.60     34.70     22.50     34.80
    318.0000  11  14     23.37     34.60     22.40     34.70     22.30     34.80
    319.0000  11  15     23.57     34.60     22.30     34.70     22.20     34.80
    320.0000  11  16     23.33     34.60     22.10     34.70     22.00     34.80
    321.0000  11  17     22.80     34.60     22.00     34.70     21.90     34.80
    322.0000  11  18     22.41     34.60     21.90     34.70     21.80     34.80
    323.0000  11  19     22.07     34.60     21.80     34.70     21.70     34.80
    324.0000  11  20     21.83     34.60     21.70     34.70     21.60     34.80
    325.0000  11  21     21.77     34.60     21.60     34.70     21.50     34.80
    326.0000  11  22     21.22     34.60     21.50     34.70     21.40     34.80
    327.0000  11  23     20.83     34.60     21.40     34.70     21.30     34.80
    328.0000  11  24     20.77     34.60     21.30     34.70     21.20     34.80
    329.0000  11  25     20.95     34.60     21.20     34.70     21.10     34.80
    330.0000  11  26     21.05     34.60     21.10     34.70     21.00     34.80
    331.0000  11  27     21.15     34.60     21.00     34.70     20.90     34.80
    332.0000  11  28     21.37     34.60     20.90     34.70     20.80     34.80
    333.0000  11  29     21.57     34.60     20.80     34.70     20.70     34.80
    334.0000  11  30     21.84     34.60     20.70     34.70     20.60     34.80
    335.0000  12  01     21.75     34.60     20.60     34.80     20.50     34.80
    336.0000  12  02     21.76     34.70     20.50     34.80     20.40     34.90
    337.0000  12  03     21.70     34.70     20.40     34.80     20.30     34.90
    338.0000  12  04     21.55     34.70     20.30     34.80     20.20     34.90
    339.0000  12  05     21.28     34.70     20.20     34.80     20.10     34.90
    340.0000  12  06     21.20     34.70     20.10     34.80     20.00     34.90
    341.0000  12  07     21.08     34.70     20.00     34.80     19.90     34.90
    342.0000  12  08     20.88     34.70     19.90     34.80     19.80     34.90
    343.0000  12  09     20.81     34.70     19.80     34.80     19.70     34.90
    344.0000  12  10     20.88     34.70     19.70     34.80     19.60     34.90
    345.0000  12  11     20.88     34.70     19.60     34.80     19.50     34.90
    346.0000  12  12     20.80     34.70     19.50     34.80     19.40     34.90
    347.0000  12  13     20.64     34.70     19.40     34.80     19.30     34.90
    348.0000  12  14     20.48     34.70     19.30     34.80     19.20     34.90
    349.0000  12  15     20.31     34.70     19.20     34.80     19.10     34.90
    350.0000  12  16     20.12     34.70     19.10     34.80     19.00     34.90
    351.0000  12  17     19.76     34.70     19.10     34.80     19.00     34.90
    352.0000  12  18     19.60     34.70     19.20     34.80     19.10     34.90
    353.0000  12  19     19.76     34.70     19.20     34.80     19.10     34.90
    354.0000  12  20     19.57     34.70     19.20     34.80     19.10     34.90
    355.0000  12  21     19.49     34.70     19.30     34.80     19.20     34.90
    356.0000  12  22     19.31     34.70     19.30     34.80     19.20     34.90
    357.0000  12  23     19.22     34.70     19.30     34.80     19.20     34.90
    358.0000  12  24     19.28     34.70     19.40     34.80     19.30     34.90
    359.0000  12  25     19.47     34.70     19.40     34.80     19.30     34.90
    360.0000  12  26     19.43     34.70     19.40     34.80     19.30     34.90
    361.0000  12  27     19.33     34.70     19.50     34.80     19.40     34.90
    362.0000  12  28     19.40     34.70     19.50     34.80     19.40     34.90
    363.0000  12  29     19.66     34.70     19.50     34.80     19.40     34.90
    364.0000  12  30     19.89     34.70     19.60     34.80     19.50     34.90
    365.0000  12  31     20.25     34.70     19.60     34.80     19.50     34.90
