1 1 1 1 1 1 1 1 1
97
1 337186.409853 295100.455861 2.12
2 343532.945663 287979.237853 4.57
3 351585.546275 283607.208368 1.5
4 300291.306000 480022.215000 4.57
5 334617.102861 295542.914499 4.57
6 381925.454481 293431.084218 0.99
7 353275.119000 294398.931000 4.57
8 366664.401000 293494.545000 4.57
9 357473.408582 287581.275628 4.57
10 343973.570073 287462.014579 4.57
11 371226.422218 284719.825082 4.57
12 385170.411958 281410.988945 4.57
13 338951.363751 217336.933325 4.57
14 328278.748190 133266.912391 4.57
15 328485.769459 112712.827017 4.57
16 402801.159000 282923.601000 1.79
17 419968.686295 273966.742385 4.57
18 431577.513208 246644.171904 4.57
19 428859.972000 240970.191000 4.57
20 425300.135000 228287.088000 4.57
21 438531.373000 220630.917000 4.57
22 440118.257804 207114.519148 4.57
23 419747.742417 274133.151979 4.57
24 436079.079000 251206.864000 4.57
25 431500.550000 248522.249000 4.57
26 438439.354000 220689.007000 4.57
27 319409.926027 271482.951805 0.800000
28 329692.906137 284810.860859 1.000000
29 337442.164350 295014.814468 6.400000
30 341277.262220 293536.273064 7.900000
31 343063.888528 290046.799759 7.300000
32 343459.424744 287576.619307 1.000000
33 343533.183613 288031.395305 3.300000
34 343531.339642 288031.395305 7.500000
35 343531.339642 288033.236503 9.000000
36 344247.975851 287178.082189 2.600000
37 345830.669029 285916.756941 8.400000
38 349633.343557 290869.883135 19.800000
39 351016.087881 286448.381883 14.300000
40 357072.660872 287201.176108 2.100000
41 357072.660872 287201.176108 3.500000
42 357918.407937 294726.492187 1.600000
43 358427.588062 287043.388963 8.600000
44 359296.932488 285622.871442 0.500000
45 361721.908346 287570.652518 6.500000
46 366539.420946 284068.485580 10.800000
47 368987.892979 287730.670917 5.400000
48 369641.020698 292801.997952 13.900000
49 375778.199955 291699.204118 2.400000
50 380799.989166 289984.567826 0.100000
51 402277.729598 283297.530130 2.500000
52 440388.173887 208111.554477 0.500000
53 402678.697153 282934.442146 4.57
54 433377.487456 221658.889325 4.57
55 440379.823117 208085.518889 4.57
56 444375.824088 190139.038487 4.57
57 445109.588718 191783.464365 1.5
58 440314.775801 219430.132754 4.57
59 463085.918700 214023.252115 4.57
60 489666.341394 216909.056767 4.57
61 495852.653588 219681.968981 4.57
62 419671.580551 274096.986439 0.0
63 357461.961516 287619.445505 0.0
64 329830.334509 289589.442902 0.0
65 299988.745750 282988.628800 0.0
66 287810.606211 282381.133949 0.0
67 201860.467183 262349.995581 0.0
68 289972.692382 418114.250454 0.0
69 324189.889004 361189.166184 0.0
70 296842.606995 544932.560940 0.0
71 209752.193328 583414.613318 0.0
72 45453.632485 -457766.513150 0.0
73 307983.251404 114485.324565 0.0
74 292494.032010 116123.976550 0.0
75 255645.896625 -92746.749169 0.0
76 287025.822892 -194220.790662 0.0
77 283910.511918 -301254.535232 0.0
78 264641.306359 -314243.121341 0.0
79 248117.953062 -365702.012533 0.0
80 329073.507000 289660.88500 29.36
81 330265.035000 290742.97900 19.93
82 331453.595000 291828.42600 19.28
83 332047.503000 292371.52400 20.00
84 332641.383000 292914.56600 19.83
85 333237.325000 293459.46200 21.38
86 333933.496000 293788.21600 19.24
87 335535.250000 293994.41000 20.83
88 337140.975000 294009.00600 34.74
89 339203.982000 292807.86500 20.29
90 340936.405000 291103.09300 17.08
91 344410.652000 287691.74900 16.24
92 348580.873000 286032.26500 15.20
93 353400.963000 286459.86400 14.57
94 357765.274000 288614.52500 18.58
95 325295.945000 285181.64000 63.49
96 333533.140000 293712.05200 21.83
97 335731.093000 293554.93900 19.43 
